109082
70847
59144
43132
34514
30345
21992
9763
9131
8622
8610
8026
7552
7517
7503
7294
7070
6885
6491
5942
5588
5285
5054
4797
4702
4570
4224
4051
3949
3929
3812
3525
3361
3232
3194
3015
3009
2904
2841
2792
2770
2722
2664
2582
2459
2349
2320
2265
2253
2188
2122
2118
2047
2046
2020
2000
1887
1879
1860
1846
1813
1793
1769
1714
1676
1498
1406
1388
1381
1342
1317
1286
1268
1130
1125
1109
1108
1083
1056
1054
1048
1046
1022
1006
1001
999
998
981
976
967
924
921
913
904
897
892
889
877
875
851
835
833
832
816
814
809
806
800
795
765
764
748
747
740
733
720
715
700
688
684
655
654
653
648
634
632
630
626
600
598
596
591
582
571
567
566
553
549
541
538
537
519
518
505
488
485
481
476
474
473
472
464
453
451
449
448
437
415
405
401
394
392
386
375
374
373
372
370
364
362
357
352
351
348
346
343
328
326
322
320
319
317
315
314
313
312
311
309
307
300
296
291
283
280
269
268
252
251
245
242
241
238
237
236
235
231
229
228
226
224
222
218
215
212
210
209
208
207
206
203
199
196
194
193
192
191
188
186
185
182
181
180
179
177
174
173
170
168
165
164
163
155
153
152
151
150
149
147
143
142
139
138
135
125
124
123
120
119
118
116
115
113
112
110
109
108
107
106
105
103
101
100
98
97
95
93
92
89
88
87
85
83
82
81
80
78
77
76
73
72
70
68
67
65
63
61
59
56
55
50
49
47
44
41
39
38
37
34
33
32
30
29
26
25
22
15
13
10

